501234678
501234876
501237648
501237846
501243678
501243876
501247638
501247836
501263478
501263874
501264378
501264873
501267348
501267438
501267834
501267843
501283476
501283674
501284376
501284673
501287346
501287436
501287634
501287643
501342678
501342876
501347628
501347826
501362478
501362874
501367428
501367824
501382476
501382674
501387426
501387624
501432678
501432876
501437628
501437826
501462378
501462873
501467328
501467823
501482376
501482673
501487326
501487623
501732648
501732846
501734628
501734826
501742638
501742836
501743628
501743826
501762348
501762438
501762834
501762843
501763428
501763824
501764328
501764823
501782346
501782436
501782634
501782643
501783426
501783624
501784326
501784623
503214678
503214876
503217648
503217846
503264178
503264871
503267148
503267841
503284176
503284671
503287146
503287641
503412678
503412876
503417628
503417826
503462178
503462871
503467128
503467821
503482176
503482671
503487126
503487621
503712648
503712846
503714628
503714826
503762148
503762841
503764128
503764821
503782146
503782641
503784126
503784621
504213678
504213876
504217638
504217836
504263178
504263871
504267138
504267831
504283176
504283671
504287136
504287631
504312678
504312876
504317628
504317826
504362178
504362871
504367128
504367821
504382176
504382671
504387126
504387621
504712638
504712836
504713628
504713826
504762138
504762831
504763128
504763821
504782136
504782631
504783126
504783621
506213478
506213874
506214378
506214873
506217348
506217438
506217834
506217843
506234178
506234871
506237148
506237841
506243178
506243871
506247138
506247831
506283174
506283471
506284173
506284371
506287134
506287143
506287341
506287431
506312478
506312874
506317428
506317824
506342178
506342871
506347128
506347821
506382174
506382471
506387124
506387421
506412378
506412873
506417328
506417823
506432178
506432871
506437128
506437821
506482173
506482371
506487123
506487321
506712348
506712438
506712834
506712843
506713428
506713824
506714328
506714823
506732148
506732841
506734128
506734821
506742138
506742831
506743128
506743821
506782134
506782143
506782341
506782431
506783124
506783421
506784123
506784321
508213476
508213674
508214376
508214673
508217346
508217436
508217634
508217643
508234176
508234671
508237146
508237641
508243176
508243671
508247136
508247631
508263174
508263471
508264173
508264371
508267134
508267143
508267341
508267431
508312476
508312674
508317426
508317624
508342176
508342671
508347126
508347621
508362174
508362471
508367124
508367421
508412376
508412673
508417326
508417623
508432176
508432671
508437126
508437621
508462173
508462371
508467123
508467321
508712346
508712436
508712634
508712643
508713426
508713624
508714326
508714623
508732146
508732641
508734126
508734621
508742136
508742631
508743126
508743621
508762134
508762143
508762341
508762431
508763124
508763421
508764123
508764321
